-4 -11 200
-3 -11 201
-2 -11 202
-1 -11 203
0 -11 203
1 -11 203
2 -11 202
3 -11 201
4 -11 200
-3 -9 200
-2 -9 201
-1 -9 202
0 -9 202
1 -9 202
2 -9 201
3 -9 200
-5 -8 201
-4 -8 203
-3 -8 204
-2 -8 205
-1 -8 205
0 -8 205
1 -8 205
2 -8 205
3 -8 204
4 -8 203
5 -8 201
-8 -6 201
-7 -6 204
-6 -6 207
-5 -6 209
-4 -6 211
-3 -6 212
-2 -6 213
-1 -6 213
0 -6 213
1 -6 213
2 -6 213
3 -6 212
4 -6 211
5 -6 209
6 -6 207
7 -6 204
8 -6 201
-9 -4 201
-8 -4 205
-7 -4 209
-6 -4 212
-5 -4 214
-4 -4 215
-3 -4 217
-2 -4 218
-1 -4 218
0 -4 218
1 -4 218
2 -4 218
3 -4 217
4 -4 215
5 -4 214
6 -4 212
7 -4 209
8 -4 205
9 -4 201
-9 -3 202
-8 -3 206
-7 -3 210
-6 -3 212
-5 -3 214
-4 -3 216
-3 -3 217
-2 -3 218
-1 -3 219
0 -3 219
1 -3 219
2 -3 218
3 -3 217
4 -3 216
5 -3 214
6 -3 212
7 -3 210
8 -3 206
9 -3 202
-9 -2 204
-8 -2 208
-7 -2 211
-6 -2 214
-5 -2 216
-4 -2 218
-3 -2 219
-2 -2 220
-1 -2 221
0 -2 221
1 -2 221
2 -2 220
3 -2 219
4 -2 218
5 -2 216
6 -2 214
7 -2 211
8 -2 208
9 -2 204
-46 -1 202
-45 -1 203
-44 -1 203
-43 -1 202
-35 -1 202
-34 -1 205
-33 -1 207
-32 -1 208
-31 -1 208
-30 -1 207
-29 -1 205
-28 -1 201
-23 -1 205
-22 -1 210
-21 -1 214
-20 -1 216
-19 -1 217
-18 -1 217
-17 -1 216
-16 -1 214
-15 -1 210
-14 -1 201
-11 -1 212
-10 -1 220
-9 -1 226
-8 -1 231
-7 -1 234
-6 -1 237
-5 -1 239
-4 -1 241
-3 -1 242
-2 -1 243
-1 -1 243
0 -1 243
1 -1 243
2 -1 243
3 -1 242
4 -1 241
5 -1 239
6 -1 237
7 -1 234
8 -1 231
9 -1 226
10 -1 220
11 -1 212
14 -1 201
15 -1 210
16 -1 214
17 -1 216
18 -1 217
19 -1 217
20 -1 216
21 -1 214
22 -1 210
23 -1 205
28 -1 201
29 -1 205
30 -1 207
31 -1 208
32 -1 208
33 -1 207
34 -1 205
35 -1 202
43 -1 202
44 -1 203
45 -1 203
46 -1 202
-109 0 200
-97 0 201
-96 0 202
-95 0 201
-94 0 200
-85 0 202
-84 0 203
-83 0 204
-82 0 203
-81 0 202
-73 0 202
-72 0 205
-71 0 206
-70 0 206
-69 0 206
-68 0 204
-67 0 200
-61 0 202
-60 0 206
-59 0 208
-58 0 209
-57 0 210
-56 0 209
-55 0 207
-54 0 203
-49 0 201
-48 0 207
-47 0 210
-46 0 213
-45 0 214
-44 0 214
-43 0 213
-42 0 210
-41 0 206
-36 0 207
-35 0 213
-34 0 216
-33 0 218
-32 0 219
-31 0 219
-30 0 218
-29 0 216
-28 0 212
-27 0 204
-24 0 208
-23 0 216
-22 0 221
-21 0 225
-20 0 227
-19 0 228
-18 0 228
-17 0 228
-16 0 225
-15 0 221
-14 0 212
-12 0 208
-11 0 223
-10 0 231
-9 0 237
-8 0 242
-7 0 245
-6 0 248
-5 0 250
-4 0 252
-3 0 253
-2 0 254
-1 0 254
0 0 255
1 0 254
2 0 254
3 0 253
4 0 252
5 0 250
6 0 248
7 0 245
8 0 242
9 0 237
10 0 231
11 0 223
12 0 208
14 0 212
15 0 221
16 0 225
17 0 228
18 0 228
19 0 228
20 0 227
21 0 225
22 0 221
23 0 216
24 0 208
27 0 204
28 0 212
29 0 216
30 0 218
31 0 219
32 0 219
33 0 218
34 0 216
35 0 213
36 0 207
41 0 206
42 0 210
43 0 213
44 0 214
45 0 214
46 0 213
47 0 210
48 0 207
49 0 201
54 0 203
55 0 207
56 0 209
57 0 210
58 0 209
59 0 208
60 0 206
61 0 202
67 0 200
68 0 204
69 0 206
70 0 206
71 0 206
72 0 205
73 0 202
81 0 202
82 0 203
83 0 204
84 0 203
85 0 202
94 0 200
95 0 201
96 0 202
97 0 201
109 0 200
-46 1 202
-45 1 203
-44 1 203
-43 1 202
-35 1 202
-34 1 205
-33 1 207
-32 1 208
-31 1 208
-30 1 207
-29 1 205
-28 1 201
-23 1 205
-22 1 210
-21 1 214
-20 1 216
-19 1 217
-18 1 217
-17 1 216
-16 1 214
-15 1 210
-14 1 201
-11 1 212
-10 1 220
-9 1 226
-8 1 231
-7 1 234
-6 1 237
-5 1 239
-4 1 241
-3 1 242
-2 1 243
-1 1 243
0 1 243
1 1 243
2 1 243
3 1 242
4 1 241
5 1 239
6 1 237
7 1 234
8 1 231
9 1 226
10 1 220
11 1 212
14 1 201
15 1 210
16 1 214
17 1 216
18 1 217
19 1 217
20 1 216
21 1 214
22 1 210
23 1 205
28 1 201
29 1 205
30 1 207
31 1 208
32 1 208
33 1 207
34 1 205
35 1 202
43 1 202
44 1 203
45 1 203
46 1 202
-9 2 204
-8 2 208
-7 2 211
-6 2 214
-5 2 216
-4 2 218
-3 2 219
-2 2 220
-1 2 221
0 2 221
1 2 221
2 2 220
3 2 219
4 2 218
5 2 216
6 2 214
7 2 211
8 2 208
9 2 204
-9 3 202
-8 3 206
-7 3 210
-6 3 212
-5 3 214
-4 3 216
-3 3 217
-2 3 218
-1 3 219
0 3 219
1 3 219
2 3 218
3 3 217
4 3 216
5 3 214
6 3 212
7 3 210
8 3 206
9 3 202
-9 4 201
-8 4 205
-7 4 209
-6 4 212
-5 4 214
-4 4 215
-3 4 217
-2 4 218
-1 4 218
0 4 218
1 4 218
2 4 218
3 4 217
4 4 215
5 4 214
6 4 212
7 4 209
8 4 205
9 4 201
-8 6 201
-7 6 204
-6 6 207
-5 6 209
-4 6 211
-3 6 212
-2 6 213
-1 6 213
0 6 213
1 6 213
2 6 213
3 6 212
4 6 211
5 6 209
6 6 207
7 6 204
8 6 201
-5 8 201
-4 8 203
-3 8 204
-2 8 205
-1 8 205
0 8 205
1 8 205
2 8 205
3 8 204
4 8 203
5 8 201
-3 9 200
-2 9 201
-1 9 202
0 9 202
1 9 202
2 9 201
3 9 200
-4 11 200
-3 11 201
-2 11 202
-1 11 203
0 11 203
1 11 203
2 11 202
3 11 201
4 11 200
