89 -89 200
79 -79 200
78 -78 202
77 -77 202
76 -76 201
68 -68 200
66 -67 200
67 -67 203
65 -66 201
66 -66 204
67 -66 200
64 -65 201
65 -65 205
66 -65 201
64 -64 204
65 -64 201
63 -63 201
55 -56 202
56 -56 204
54 -55 204
55 -55 206
56 -55 202
53 -54 205
54 -54 208
55 -54 204
52 -53 204
53 -53 208
54 -53 205
51 -52 202
52 -52 207
53 -52 204
51 -51 205
52 -51 202
50 -50 200
44 -45 202
45 -45 203
43 -44 206
44 -44 208
45 -44 202
42 -43 208
43 -43 211
44 -43 206
41 -42 209
42 -42 212
43 -42 208
40 -41 209
41 -41 212
42 -41 209
39 -40 207
40 -40 211
41 -40 209
38 -39 203
39 -39 209
40 -39 207
38 -38 204
39 -38 203
33 -34 202
34 -34 201
32 -33 208
33 -33 209
34 -33 202
30 -32 200
31 -32 212
32 -32 214
33 -32 208
29 -31 201
30 -31 214
31 -31 217
32 -31 212
28 -30 201
29 -30 215
30 -30 218
31 -30 214
32 -30 200
27 -29 200
28 -29 214
29 -29 218
30 -29 215
31 -29 201
27 -28 213
28 -28 217
29 -28 214
30 -28 201
26 -27 209
27 -27 215
28 -27 213
29 -27 200
25 -26 203
26 -26 210
27 -26 209
25 -25 201
26 -25 203
22 -23 201
20 -22 201
21 -22 211
22 -22 210
23 -22 201
19 -21 205
20 -21 217
21 -21 218
22 -21 211
16 -20 200
18 -20 208
19 -20 220
20 -20 222
21 -20 217
22 -20 201
15 -19 201
17 -19 210
18 -19 223
19 -19 225
20 -19 220
21 -19 205
14 -18 200
16 -18 211
17 -18 224
18 -18 227
19 -18 223
20 -18 208
15 -17 210
16 -17 224
17 -17 228
18 -17 224
19 -17 210
14 -16 208
15 -16 222
16 -16 227
17 -16 224
18 -16 211
20 -16 200
13 -15 203
14 -15 219
15 -15 225
16 -15 222
17 -15 210
19 -15 201
13 -14 213
14 -14 220
15 -14 219
16 -14 208
18 -14 200
13 -13 211
14 -13 213
15 -13 203
-7 -12 200
-4 -12 201
-1 -12 201
2 -12 201
5 -12 200
-8 -11 201
-5 -11 202
-2 -11 204
1 -11 204
4 -11 205
6 -11 201
7 -11 206
9 -11 208
10 -11 215
11 -11 210
-9 -10 201
-6 -10 203
-3 -10 205
0 -10 207
2 -10 202
3 -10 208
5 -10 206
6 -10 212
8 -10 216
9 -10 226
10 -10 225
11 -10 215
-10 -9 201
-7 -9 204
-4 -9 207
-2 -9 200
-1 -9 209
1 -9 204
2 -9 211
4 -9 210
5 -9 216
7 -9 222
8 -9 232
9 -9 233
10 -9 226
11 -9 208
-11 -8 201
-8 -8 204
-5 -8 207
-3 -8 201
-2 -8 210
0 -8 207
1 -8 214
3 -8 213
4 -8 219
6 -8 226
7 -8 237
8 -8 239
9 -8 232
10 -8 216
-12 -7 200
-9 -7 204
-6 -7 208
-4 -7 202
-3 -7 211
-1 -7 208
0 -7 216
2 -7 216
3 -7 222
5 -7 229
6 -7 241
7 -7 243
8 -7 237
9 -7 222
11 -7 206
-10 -6 203
-7 -6 208
-5 -6 202
-4 -6 212
-2 -6 209
-1 -6 217
1 -6 217
2 -6 224
4 -6 232
5 -6 244
6 -6 246
7 -6 241
8 -6 226
10 -6 212
11 -6 201
-11 -5 202
-8 -5 207
-6 -5 202
-5 -5 212
-3 -5 210
-2 -5 218
0 -5 219
1 -5 225
3 -5 234
4 -5 247
5 -5 249
6 -5 244
7 -5 229
9 -5 216
10 -5 206
12 -5 200
-12 -4 201
-9 -4 207
-7 -4 202
-6 -4 212
-4 -4 210
-3 -4 218
-1 -4 220
0 -4 227
2 -4 236
3 -4 248
4 -4 251
5 -4 247
6 -4 232
8 -4 219
9 -4 210
11 -4 205
-10 -3 205
-8 -3 201
-7 -3 211
-5 -3 210
-4 -3 218
-2 -3 220
-1 -3 227
1 -3 237
2 -3 250
3 -3 253
4 -3 248
5 -3 234
7 -3 222
8 -3 213
10 -3 208
-11 -2 204
-9 -2 200
-8 -2 210
-6 -2 209
-5 -2 218
-3 -2 220
-2 -2 227
0 -2 237
1 -2 250
2 -2 254
3 -2 250
4 -2 236
6 -2 224
7 -2 216
9 -2 211
10 -2 202
12 -2 201
-12 -1 201
-9 -1 209
-7 -1 208
-6 -1 217
-4 -1 220
-3 -1 227
-1 -1 238
0 -1 251
1 -1 254
2 -1 250
3 -1 237
5 -1 225
6 -1 217
8 -1 214
9 -1 204
11 -1 204
-10 0 207
-8 0 207
-7 0 216
-5 0 219
-4 0 227
-2 0 237
-1 0 251
0 0 255
1 0 251
2 0 237
4 0 227
5 0 219
7 0 216
8 0 207
10 0 207
-11 1 204
-9 1 204
-8 1 214
-6 1 217
-5 1 225
-3 1 237
-2 1 250
-1 1 254
0 1 251
1 1 238
3 1 227
4 1 220
6 1 217
7 1 208
9 1 209
12 1 201
-12 2 201
-10 2 202
-9 2 211
-7 2 216
-6 2 224
-4 2 236
-3 2 250
-2 2 254
-1 2 250
0 2 237
2 2 227
3 2 220
5 2 218
6 2 209
8 2 210
9 2 200
11 2 204
-10 3 208
-8 3 213
-7 3 222
-5 3 234
-4 3 248
-3 3 253
-2 3 250
-1 3 237
1 3 227
2 3 220
4 3 218
5 3 210
7 3 211
8 3 201
10 3 205
-11 4 205
-9 4 210
-8 4 219
-6 4 232
-5 4 247
-4 4 251
-3 4 248
-2 4 236
0 4 227
1 4 220
3 4 218
4 4 210
6 4 212
7 4 202
9 4 207
12 4 201
-12 5 200
-10 5 206
-9 5 216
-7 5 229
-6 5 244
-5 5 249
-4 5 247
-3 5 234
-1 5 225
0 5 219
2 5 218
3 5 210
5 5 212
6 5 202
8 5 207
11 5 202
-11 6 201
-10 6 212
-8 6 226
-7 6 241
-6 6 246
-5 6 244
-4 6 232
-2 6 224
-1 6 217
1 6 217
2 6 209
4 6 212
5 6 202
7 6 208
10 6 203
-11 7 206
-9 7 222
-8 7 237
-7 7 243
-6 7 241
-5 7 229
-3 7 222
-2 7 216
0 7 216
1 7 208
3 7 211
4 7 202
6 7 208
9 7 204
12 7 200
-10 8 216
-9 8 232
-8 8 239
-7 8 237
-6 8 226
-4 8 219
-3 8 213
-1 8 214
0 8 207
2 8 210
3 8 201
5 8 207
8 8 204
11 8 201
-11 9 208
-10 9 226
-9 9 233
-8 9 232
-7 9 222
-5 9 216
-4 9 210
-2 9 211
-1 9 204
1 9 209
2 9 200
4 9 207
7 9 204
10 9 201
-11 10 215
-10 10 225
-9 10 226
-8 10 216
-6 10 212
-5 10 206
-3 10 208
-2 10 202
0 10 207
3 10 205
6 10 203
9 10 201
-11 11 210
-10 11 215
-9 11 208
-7 11 206
-6 11 201
-4 11 205
-1 11 204
2 11 204
5 11 202
8 11 201
-5 12 200
-2 12 201
1 12 201
4 12 201
7 12 200
-15 13 203
-14 13 213
-13 13 211
-18 14 200
-16 14 208
-15 14 219
-14 14 220
-13 14 213
-19 15 201
-17 15 210
-16 15 222
-15 15 225
-14 15 219
-13 15 203
-20 16 200
-18 16 211
-17 16 224
-16 16 227
-15 16 222
-14 16 208
-19 17 210
-18 17 224
-17 17 228
-16 17 224
-15 17 210
-20 18 208
-19 18 223
-18 18 227
-17 18 224
-16 18 211
-14 18 200
-21 19 205
-20 19 220
-19 19 225
-18 19 223
-17 19 210
-15 19 201
-22 20 201
-21 20 217
-20 20 222
-19 20 220
-18 20 208
-16 20 200
-22 21 211
-21 21 218
-20 21 217
-19 21 205
-23 22 201
-22 22 210
-21 22 211
-20 22 201
-22 23 201
-26 25 203
-25 25 201
-27 26 209
-26 26 210
-25 26 203
-29 27 200
-28 27 213
-27 27 215
-26 27 209
-30 28 201
-29 28 214
-28 28 217
-27 28 213
-31 29 201
-30 29 215
-29 29 218
-28 29 214
-27 29 200
-32 30 200
-31 30 214
-30 30 218
-29 30 215
-28 30 201
-32 31 212
-31 31 217
-30 31 214
-29 31 201
-33 32 208
-32 32 214
-31 32 212
-30 32 200
-34 33 202
-33 33 209
-32 33 208
-34 34 201
-33 34 202
-39 38 203
-38 38 204
-40 39 207
-39 39 209
-38 39 203
-41 40 209
-40 40 211
-39 40 207
-42 41 209
-41 41 212
-40 41 209
-43 42 208
-42 42 212
-41 42 209
-44 43 206
-43 43 211
-42 43 208
-45 44 202
-44 44 208
-43 44 206
-45 45 203
-44 45 202
-50 50 200
-52 51 202
-51 51 205
-53 52 204
-52 52 207
-51 52 202
-54 53 205
-53 53 208
-52 53 204
-55 54 204
-54 54 208
-53 54 205
-56 55 202
-55 55 206
-54 55 204
-56 56 204
-55 56 202
-63 63 201
-65 64 201
-64 64 204
-66 65 201
-65 65 205
-64 65 201
-67 66 200
-66 66 204
-65 66 201
-67 67 203
-66 67 200
-68 68 200
-76 76 201
-77 77 202
-78 78 202
-79 79 200
-89 89 200
